20160400001
20160400002
20160400003
20160400004
20160400005
20160400006
20160400007
20160400008
20160400009
20160400010
20160400011
20160400012
20160400013
20160400014
20160400015
20160400016
20160400017
20160400018
20160400019
20160400020
20160400021
20160400022
20160400023
20160400024
20160400025
20160400026
20160400027
20160400028
20160400029
20160400030
20160400031
20160400032
20160400033
20160400034
20160400035
20160400036
20160400037
20160400038
20160400039
20160400040
20160400041
20160400042
20160400043
20160400044
20160400045
20160400046
20160400047
20160400048
20160400049
20160400050
20160400051
20160400052
20160400053
20160400054
20160400055
20160400056
20160400057
20160400058
20160400059
20160400060
20160400061
20160400062
20160400063
20160400064
20160400065
20160400066
20160400067
20160400068
20160400069
20160400070
20160400071
20160400072
20160400073
20160400074
20160400075
20160400076
20160400077
20160400078
20160400079
20160400080
20160400081
20160400082
20160400083
20160400084
20160400085
20160400086
20160400087
20160400088
20160400089
20160400090
20160400091
20160400092
20160400093
20160400094
20160400095
20160400096
20160400097
20160400098
20160400099
20160400100
20160400101
20160400102
20160400103
20160400104
20160400105
20160400106
20160400107
20160400108
20160400109
20160400110
20160400111
20160400112
20160400113
20160400114
20160400115
20160400116
20160400117
20160400118
20160400119
20160400120
20160400121
20160400122
20160400123
20160400124
20160400125
20160400126
20160400127
20160400128
20160400129
20160400130
20160400131
20160400132
20160400133
20160400134
20160400135
20160400136
20160400137
20160400138
20160400139
20160400140
20160400141
20160400142
20160400143
20160400144
20160400145
20160400146
20160400147
20160400148
20160400149
20160400150
20160400151
20160400152
20160400153
20160400154
20160400155
20160400156
20160400157
20160400158
20160400159
20160400160
20160400161
20160400162
20160400163
20160400164
20160400165
20160400166
20160400167
20160400168
20160400169
20160400170
20160400171
20160400172
20160400173
20160400174
20160400175
20160400176
20160400177
20160400178
20160400179
20160400180
20160400181
20160400182
20160400183
20160400184
20160400185
20160400186
20160400187
20160400188
20160400189
20160400190
20160400191
20160400192
20160400193
20160400194
20160400195
20160400196
20160400197
20160400198
20160400199
20160400200
20160400201
20160400202
20160400203
20160400204
20160400205
20160400206
20160400207
20160400208
20160400209
20160400210
20160400211
20160400212
20160400213
20160400214
20160400215
20160400216
20160400217
20160400218
20160400219
20160400220
20160400221
20160400222
20160400223
20160400224
20160400225
20160400226
20160400227
20160400228
20160400229
20160400230
20160400231
20160400232
20160400233
20160400234
20160400235
20160400236
20160400237
20160400238
20160400239
20160400240
20160400241
20160400242
20160400243
20160400244
20160400245
20160400246
20160400247
20160400248
20160400249
20160400250
20160400251
20160400252
20160400253
20160400254
20160400255
20160400256
20160400257
20160400258
20160400259
20160400260
20160400261
20160400262
20160400263
20160400264
20160400265
20160400266
20160400267
20160400268
20160400269
20160400270
20160400271
20160400272
20160400273
20160400274
20160400275
20160400276
20160400277
20160400278
20160400279
20160400280
20160400281
20160400282
20160400283
20160400284
20160400285
20160400286
20160400287
20160400288
20160400289
20160400290
20160400291
20160400292
20160400293
20160400294
20160400295
20160400296
20160400297
20160400298
20160400299
20160400300
20160400301
20160400302
20160400303
20160400304
20160400305
20160400306
20160400307
20160400308
20160400309
20160400310
20160400311
20160400312
20160400313
20160400314
20160400315
20160400316
20160400317
20160400318
20160400319
20160400320
20160400321
20160400322
20160400323
20160400324
20160400325
20160400326
20160400327
20160400328
20160400329
20160400330
20160400331
20160400332
20160400333
20160400334
20160400335
20160400336
20160400337
20160400338
20160400339
20160400340
20160400341
20160400342
20160400343
20160400344
20160400345
20160400346
20160400347
20160400348
20160400349
20160400350
20160400351
20160400352
20160400353
20160400354
20160400355
20160400356
20160400357
20160400358
20160400359
20160400360
20160400361
20160400362
20160400363
20160400364
20160400365
20160400366
20160400367
20160400368
20160400369
20160400370
20160400371
20160400372
20160400373
20160400374
20160400375
20160400376
20160400377
20160400378
20160400379
20160400380
20160400381
20160400382
20160400383
20160400384
20160400385
20160400386
20160400387
20160400388
20160400389
20160400390
20160400391
20160400392
20160400393
20160400394
20160400395
20160400396
20160400397
20160400398
20160400399
20160400400
20160400401
20160400402
20160400403
20160400404
20160400405
20160400406
20160400407
20160400408
20160400409
20160400410
20160400411
20160400412
20160400413
20160400414
20160400415
20160400416
20160400417
20160400418
20160400419
20160400420
20160400421
20160400422
20160400423
20160400424
20160400425
20160400426
20160400427
20160400428
20160400429
20160400430
20160400431
20160400432
20160400433
20160400434
20160400435
20160400436
20160400437
20160400438
20160400439
20160400440
20160400441
20160400442
20160400443
20160400444
20160400445
20160400446
20160400447
20160400448
20160400449
20160400450
20160400451
20160400452
20160400453
20160400454
20160400455
20160400456
20160400457
20160400458
20160400459
20160400460
20160400461
20160400462
20160400463
20160400464
20160400465
20160400466
20160400467
20160400468
20160400469
20160400470
20160400471
20160400472
20160400473
20160400474
20160400475
20160400476
20160400477
20160400478
20160400479
20160400480
20160400481
20160400482
20160400483
20160400484
20160400485
20160400486
20160400487
20160400488
20160400489
20160400490
20160400491
20160400492
20160400493
20160400494
20160400495
20160400496
20160400497
20160400498
20160400499
20160400500
20160400501
20160400502
20160400503
20160400504
20160400505
20160400506
20160400507
20160400508
20160400509
20160400510
20160400511
20160400512
20160400513
20160400514
20160400515
20160400516
20160400517
20160400518
20160400519
20160400520
20160400521
20160400522
20160400523
20160400524
20160400525
20160400526
20160400527
20160400528
20160400529
20160400530
20160400531
20160400532
20160400533
20160400534
20160400535
20160400536
20160400537
20160400538
20160400539
20160400540
20160400541
20160400542
20160400543
20160400544
20160400545
20160400546
20160400547
20160400548
20160400549
20160400550
20160400551
20160400552
20160400553
20160400554
20160400555
20160400556
20160400557
20160400558
20160400559
20160400560
20160400561
20160400562
20160400563
20160400564
20160400565
20160400566
20160400567
20160400568
20160400569
20160400570
20160400571
20160400572
20160400573
20160400574
20160400575
20160400576
20160400577
20160400578
20160400579
20160400580
20160400581
20160400582
20160400583
20160400584
20160400585
20160400586
20160400587
20160400588
20160400589
20160400590
20160400591
20160400592
20160400593
20160400594
20160400595
20160400596
20160400597
20160400598
20160400599
20160400600
20160400601
20160400602
20160400603
20160400604
20160400605
20160400606
20160400607
20160400608
20160400609
20160400610
20160400611
20160400612
20160400613
20160400614
20160400615
20160400616
20160400617
20160400618
20160400619
20160400620
20160400621
20160400622
20160400623
20160400624
20160400625
20160400626
20160400627
20160400628
20160400629
20160400630
20160400631
20160400632
20160400633
20160400634
20160400635
20160400636
20160400637
20160400638
20160400639
20160400640
20160400641
20160400642
20160400643
20160400644
20160400645
20160400646
20160400647
20160400648
20160400649
20160400650
20160400651
20160400652
20160400653
20160400654
20160400655
20160400656
20160400657
20160400658
20160400659
20160400660
20160400661
20160400662
20160400663
20160400664
20160400665
20160400666
20160400667
20160400668
20160400669
20160400670
20160400671
20160400672
20160400673
20160400674
20160400675
20160400676
20160400677
20160400678
20160400679
20160400680
20160400681
20160400682
20160400683
20160400684
20160400685
20160400686
20160400687
20160400688
20160400689
20160400690
20160400691
20160400692
20160400693
20160400694
20160400695
20160400696
20160400697
20160400698
20160400699
20160400700
20160400701
20160400702
20160400703
20160400704
20160400705
20160400706
20160400707
20160400708
20160400709
20160400710
20160400711
20160400712
20160400713
20160400714
20160400715
20160400716
20160400717
20160400718
20160400719
20160400720
20160400721
20160400722
20160400723
20160400724
20160400725
20160400726
20160400727
20160400728
20160400729
20160400730
20160400731
20160400732
20160400733
20160400734
20160400735
20160400736
20160400737
20160400738
20160400739
20160400740
20160400741
20160400742
20160400743
20160400744
20160400745
20160400746
20160400747
20160400748
20160400749
20160400750
20160400751
20160400752
20160400753
20160400754
20160400755
20160400756
20160400757
20160400758
20160400759
20160400760
20160400761
20160400762
20160400763
20160400764
20160400765
20160400766
20160400767
20160400768
20160400769
20160400770
20160400771
20160400772
20160400773
20160400774
20160400775
20160400776
20160400777
20160400778
20160400779
20160400780
20160400781
20160400782
20160400783
20160400784
20160400785
20160400786
20160400787
20160400788
20160400789
20160400790
20160400791
20160400792
20160400793
20160400794
20160400795
20160400796
20160400797
20160400798
20160400799
20160400800
20160400801
20160400802
20160400803
20160400804
20160400805
20160400806
20160400807
20160400808
20160400809
20160400810
20160400811
20160400812
20160400813
20160400814
20160400815
20160400816
20160400817
20160400818
20160400819
20160400820
20160400821
20160400822
20160400823
20160400824
20160400825
20160400826
20160400827
20160400828
20160400829
20160400830
20160400831
20160400832
20160400833
20160400834
20160400835
20160400836
20160400837
20160400838
20160400839
20160400840
20160400841
20160400842
20160400843
20160400844
20160400845
20160400846
20160400847
20160400848
20160400849
20160400850
20160400851
20160400852
20160400853
20160400854
20160400855
20160400856
20160400857
20160400858
20160400859
20160400860
20160400861
20160400862
20160400863
20160400864
20160400865
20160400866
20160400867
20160400868
20160400869
20160400870
20160400871
20160400872
20160400873
20160400874
20160400875
20160400876
20160400877
20160400878
20160400879
20160400880
20160400881
20160400882
20160400883
20160400884
20160400885
20160400886
20160400887
20160400888
20160400889
20160400890
20160400891
20160400892
20160400893
20160400894
20160400895
20160400896
20160400897
20160400898
20160400899
20160400900
20160400901
20160400902
20160400903
20160400904
20160400905
20160400906
20160400907
20160400908
20160400909
20160400910
20160400911
20160400912
20160400913
20160400914
20160400915
20160400916
20160400917
20160400918
20160400919
20160400920
20160400921
20160400922
20160400923
20160400924
20160400925
20160400926
20160400927
20160400928
20160400929
20160400930
20160400931
20160400932
20160400933
20160400934
20160400935
20160400936
20160400937
20160400938
20160400939
20160400940
20160400941
20160400942
20160400943
20160400944
20160400945
20160400946
20160400947
20160400948
20160400949
20160400950
20160400951
20160400952
20160400953
20160400954
20160400955
20160400956
20160400957
20160400958
20160400959
20160400960
20160400961
20160400962
20160400963
20160400964
20160400965
20160400966
20160400967
20160400968
20160400969
20160400970
20160400971
20160400972
20160400973
20160400974
20160400975
20160400976
20160400977
20160400978
20160400979
20160400980
20160400981
20160400982
20160400983
20160400984
20160400985
20160400986
20160400987
20160400988
20160400989
20160400990
20160400991
20160400992
20160400993
20160400994
20160400995
20160400996
20160400997
20160400998
20160400999
20160401000